1: 103 128 100 112 91 130 91 115
2: 98 110 93 101 89 117 77 102
3: 93 100 94 89 76 102 79 82
4: 125 167 141 169 117 165 136 166
5: 142 168 164 141 137 164 161 134
6: 165 140 175 111 161 132 164 120
7: 175 110 182 92 164 119 174 107
8: 181 91 181 79 174 104 173 82
9: 94 86 95 60 82 80 71 58
10: 96 59 109 34 72 57 84 30
11: 111 33 140 23 87 30 119 14
12: 142 25 170 39 122 15 167 23
13: 171 41 178 61 168 23 182 53
14: 180 63 181 77 184 56 175 80
15: 27 198 51 171 9 199 41 174
16: 51 171 100 147 44 172 88 155
17: 64 172 111 183 43 181 87 193
18: 211 196 205 166 231 196 196 172
19: 203 167 162 159 193 172 157 160
20: 100 88 110 64 91 87 98 63
21: 105 87 110 79 94 92 102 84
22: 112 80 128 84 105 84 123 88
23: 146 84 164 82 139 88 157 86
24: 166 84 173 94 158 87 165 98
25: 106 99 120 104 101 97 116 100
26: 145 102 166 102 137 98 156 101
27: 110 94 126 95 104 91 116 91
28: 147 96 164 96 139 92 158 93
29: 136 93 136 124 129 93 129 119
30: 129 109 114 129 121 105 109 124
31: 143 110 159 130 137 104 150 126
32: 124 130 151 130 111 128 142 129
33: 120 138 128 156 111 133 123 148
34: 140 156 155 135 130 148 146 132
35: 145 195 158 162 154 194 156 167
36: 3 198 4 2 3 198 4 2
37: 12 5 251 5 12 5 251 5
38: 247 14 250 197 247 14 250 197
39: 116 59 130 46 96 56 120 49
40: 135 48 155 53 128 49 153 51
41: 156 57 167 76 160 57 164 80
42: 123 168 104 131 116 165 93 130
