1: 112 58 113 144 113 56 110 124
2: 89 148 111 169 92 134 108 151
3: 141 146 116 169 133 134 114 151
4: 55 76 84 75 60 80 86 78
5: 141 76 170 76 140 77 165 82
6: 59 83 86 99 65 85 83 98
7: 146 100 168 82 143 99 164 89
8: 66 24 29 60 69 42 47 71
9: 159 17 192 53 160 38 181 70
10: 23 63 4 3 42 80 27 52
11: 201 64 223 12 190 77 207 28
12: 73 12 149 10 73 33 155 31
13: 24 83 69 155 46 88 72 142
14: 197 80 160 147 186 88 154 141
15: 74 170 98 206 79 156 105 186
16: 156 163 140 205 150 155 119 186
17: 69 15 60 1 68 33 60 22
18: 154 12 158 2 161 31 166 23
