1: 115 289 204 291 146 278 262 264
2: 136 310 181 311 168 302 238 296
3: 69 148 140 158 91 162 170 147
4: 184 164 254 159 216 139 284 145
5: 73 176 137 184 107 190 167 183
6: 186 191 247 190 221 177 281 172
7: 85 89 270 103 107 95 269 82
8: 125 247 150 180 162 239 180 158
9: 189 250 168 181 239 231 201 157
10: 318 172 283 247 314 146 311 222
11: 62 55 206 32 63 48 183 9
12: 218 35 288 79 193 12 278 38
13: 55 62 57 276 58 59 79 306
14: 293 89 269 280 283 46 309 273
15: 65 286 128 366 82 313 191 384
16: 194 368 264 290 243 370 305 285
17: 134 370 185 370 198 387 238 374
18: 27 141 44 233 24 159 60 256